-1532016.409246 7363748.049803 3.400000
-1539054.441469 7355770.824891 7.700000
-1540626.298695 7370969.319946 11.900000
-1532180.101254 7364751.713648 5.100000
-1538272.797662 7371312.531570 3.400000
-1537690.285089 7371039.977580 6.600000
-1537374.517747 7369868.277533 3.100000
-1540577.732005 7357084.906669 0.300000
-1541043.959685 7356693.741124 4.100000
-1541421.474422 7357450.262386 3.100000
-1542237.460513 7371446.020838 6.100000
-1541095.927182 7371041.386350 7.100000
-1542220.590489 7370808.630969 5.900000
-1544207.623128 7369544.972165 7.600000
-1544070.997473 7369801.349356 8.400000
-1542846.149967 7371150.585703 0.000000
-1543174.602316 7368690.110961 5.100000
-1542096.877592 7363711.092860 8.200000
-1543203.437523 7364774.903577 2.400000
-1543338.956200 7365398.654206 2.600000
-1537529.901544 7367675.122918 4.900000
-1537868.015879 7367290.824877 5.600000
-1537163.580153 7366800.079249 7.100000
-1537110.111303 7366613.726647 0.500000
-1537185.740715 7367631.040128 2.800000
-1538145.633559 7370119.942705 1.200000
-1539940.497486 7367448.791724 3.400000
-1538217.848885 7366704.162176 2.800000
-1531542.688818 7364301.721537 0.500000
-1530776.266701 7363109.692216 3.500000
-1531074.834061 7363444.494655 1.400000
-1530489.176511 7364022.860423 2.700000
-1529508.191094 7363481.877226 4.500000
-1535270.719664 7357903.497346 1.300000
-1542150.233385 7359829.000567 3.700000
-1541494.214410 7360543.988770 3.900000
-1541357.441726 7359757.047449 3.800000
-1540718.308894 7358378.517057 2.700000
-1530550.956788 7358906.156603 1.700000
-1528338.422494 7362430.416662 5.200000
